solid OpenSCAD_Model
  facet normal -0 0 -1
    outer loop
      vertex 5 0 198.2
      vertex 4.75528 -1.54508 198.2
      vertex 0 0 198.2
    endloop
  endfacet
  facet normal 0 -0 -1
    outer loop
      vertex 4.75528 1.54508 198.2
      vertex 5 0 198.2
      vertex 0 0 198.2
    endloop
  endfacet
  facet normal 0 -0 -1
    outer loop
      vertex 4.04508 2.93893 198.2
      vertex 4.75528 1.54508 198.2
      vertex 0 0 198.2
    endloop
  endfacet
  facet normal 0 -0 -1
    outer loop
      vertex 2.93893 4.04508 198.2
      vertex 4.04508 2.93893 198.2
      vertex 0 0 198.2
    endloop
  endfacet
  facet normal 0 -0 -1
    outer loop
      vertex 1.54508 4.75528 198.2
      vertex 2.93893 4.04508 198.2
      vertex 0 0 198.2
    endloop
  endfacet
  facet normal 0 0 -1
    outer loop
      vertex 0 5 198.2
      vertex 1.54508 4.75528 198.2
      vertex 0 0 198.2
    endloop
  endfacet
  facet normal 0 0 -1
    outer loop
      vertex -1.54508 4.75528 198.2
      vertex 0 5 198.2
      vertex 0 0 198.2
    endloop
  endfacet
  facet normal 0 0 -1
    outer loop
      vertex -2.93893 4.04508 198.2
      vertex -1.54508 4.75528 198.2
      vertex 0 0 198.2
    endloop
  endfacet
  facet normal 0 0 -1
    outer loop
      vertex -4.04508 2.93893 198.2
      vertex -2.93893 4.04508 198.2
      vertex 0 0 198.2
    endloop
  endfacet
  facet normal 0 0 -1
    outer loop
      vertex -4.75528 1.54508 198.2
      vertex -4.04508 2.93893 198.2
      vertex 0 0 198.2
    endloop
  endfacet
  facet normal 0 0 -1
    outer loop
      vertex -5 0 198.2
      vertex -4.75528 1.54508 198.2
      vertex 0 0 198.2
    endloop
  endfacet
  facet normal 0 0 -1
    outer loop
      vertex -4.75528 -1.54508 198.2
      vertex -5 0 198.2
      vertex 0 0 198.2
    endloop
  endfacet
  facet normal 0 0 -1
    outer loop
      vertex -4.04508 -2.93893 198.2
      vertex -4.75528 -1.54508 198.2
      vertex 0 0 198.2
    endloop
  endfacet
  facet normal 0 0 -1
    outer loop
      vertex -2.93893 -4.04508 198.2
      vertex -4.04508 -2.93893 198.2
      vertex 0 0 198.2
    endloop
  endfacet
  facet normal 0 0 -1
    outer loop
      vertex -1.54508 -4.75528 198.2
      vertex -2.93893 -4.04508 198.2
      vertex 0 0 198.2
    endloop
  endfacet
  facet normal 0 0 -1
    outer loop
      vertex 0 -5 198.2
      vertex -1.54508 -4.75528 198.2
      vertex 0 0 198.2
    endloop
  endfacet
  facet normal -0 0 -1
    outer loop
      vertex 1.54508 -4.75528 198.2
      vertex 0 -5 198.2
      vertex 0 0 198.2
    endloop
  endfacet
  facet normal -0 0 -1
    outer loop
      vertex 2.93893 -4.04508 198.2
      vertex 1.54508 -4.75528 198.2
      vertex 0 0 198.2
    endloop
  endfacet
  facet normal -0 0 -1
    outer loop
      vertex 4.04508 -2.93893 198.2
      vertex 2.93893 -4.04508 198.2
      vertex 0 0 198.2
    endloop
  endfacet
  facet normal -0 0 -1
    outer loop
      vertex 4.75528 -1.54508 198.2
      vertex 4.04508 -2.93893 198.2
      vertex 0 0 198.2
    endloop
  endfacet
endsolid OpenSCAD_Model
